2 0
3 0
5 200
7 0
11 0
13 0
17 0
19 0
23 43.4783
29 0
31 0
37 0
41 0
43 0
47 0
53 0
59 16.9492
61 16.3934
67 14.9254
71 14.0845
73 0
79 12.6582
83 12.0482
89 11.236
97 10.3093
101 9.90099
103 9.70874
107 9.34579
109 9.17431
113 8.84956
127 7.87402
131 7.63359
137 14.5985
139 14.3885
149 6.71141
151 13.245
157 6.36943
163 12.2699
167 11.976
173 11.5607
179 11.1732
181 11.0497
191 10.4712
193 10.3627
197 10.1523
199 10.0503
211 9.47867
223 8.96861
227 8.81057
229 8.73362
233 8.58369
239 12.5523
241 8.29876
251 11.9522
257 7.7821
263 11.4068
269 11.1524
271 11.0701
277 10.8303
281 10.6762
283 10.6007
293 10.2389
307 9.77199
311 9.6463
313 9.58466
317 9.46372
331 9.06344
337 8.90208
347 8.64553
349 8.59599
353 11.3314
359 8.35655
367 10.8992
373 10.7239
379 10.5541
383 10.4439
389 10.2828
397 10.0756
401 9.97506
409 9.77995
419 9.54654
421 11.8765
431 9.28074
433 11.5473
439 11.3895
443 9.02935
449 11.1359
457 10.9409
461 8.67679
463 10.7991
467 10.7066
479 10.4384
487 10.2669
491 10.1833
499 10.02
503 9.94036
509 9.82318
521 11.5163
523 9.56023
541 11.0906
547 9.14077
557 10.772
563 10.6572
569 10.5448
571 10.5079
577 8.66551
587 10.2215
593 10.118
599 10.0167
601 9.98336
607 9.88468
613 9.78793
617 9.72447
619 8.07754
631 7.92393
641 7.80031
643 7.77605
647 7.72798
653 9.18836
659 9.1047
661 9.07716
673 8.9153
677 7.38552
683 7.32064
691 7.23589
701 8.5592
709 8.46262
719 8.34492
727 8.25309
733 6.82128
739 8.11908
743 8.07537
751 7.98935
757 7.92602
761 6.5703
769 7.80234
773 7.76197
787 7.62389
797 7.52823
809 7.41656
811 7.39827
821 7.30816
823 8.50547
827 8.46433
829 7.23764
839 8.34327
853 7.034
857 8.16803
859 8.14901
863 8.11124
877 7.98176
881 7.94552
883 7.92752
887 6.76437
907 7.71775
911 7.68386
919 8.70511
929 7.53498
937 7.47065
941 6.3762
947 7.39176
953 7.34523
967 8.27301
971 7.20906
977 7.16479
983 8.13835
991 8.07265
997 7.02106
1009 7.92864
1013 7.89733
1019 7.85083
1021 7.83546
1031 7.75946
1033 6.77638
1039 7.69971
1049 7.62631
1051 7.6118
1061 7.54006
1063 7.52587
1069 7.48363
1087 7.35971
1091 7.33272
1093 7.3193
1097 7.29262
1103 7.25295
1109 8.11542
1117 7.16204
1123 7.12378
1129 7.08592
1151 6.95048
1153 7.80572
1163 7.73861
1171 6.83177
1181 7.62066
1187 6.73968
1193 6.70578
1201 7.49376
1213 6.59522
1217 7.39523
1223 7.35895
1229 7.32303
1231 7.31113
1237 7.27567
1249 8.0064
1259 7.94281
1277 7.04777
1279 7.03675
1283 7.01481
1289 6.98216
1291 6.97134
1297 7.7101
1301 7.6864
1303 6.90714
1307 7.65111
1319 6.82335
1321 6.81302
1327 7.5358
1361 7.34754
1367 8.04682
1373 7.28332
1381 7.24113
1399 7.14796
1409 7.09723
1423 7.02741
1427 7.70848
1429 6.9979
1433 7.6762
1439 7.6442
1447 7.60193
1451 7.58098
1453 14.4529
1459 6.85401
1471 7.47791
1481 6.75219
1483 7.4174
1487 7.39744
1489 7.38751
1493 7.36772
1499 7.33823
1511 7.27995
1523 7.22259
1531 7.18485
1543 8.42515
1549 8.39251
1553 8.3709
1559 7.05581
1567 7.65795
1571 7.63845
1579 7.59975
1583 7.58054
1597 7.51409
1601 7.49532
1607 7.46733
1609 6.83654
1613 7.43955
1619 7.41198
1621 7.40284
1627 6.76091
1637 7.33048
1657 8.449
1663 7.8172
1667 7.19856
1669 7.18993
1693 7.08801
1697 7.0713
1699 7.65156
1709 7.60679
1721 7.55375
1723 7.54498
1733 7.50144
1741 7.46697
1747 7.44133
1753 7.41586
1759 7.39056
1777 7.3157
1783 7.85193
1787 7.83436
1789 7.8256
1801 7.21821
1811 7.73054
1823 7.1311
1831 7.64609
1847 7.57986
1861 6.98549
1867 7.49866
1871 6.94816
1873 7.47464
1877 7.45871
1879 7.45077
1889 6.88195
1901 7.36454
1907 7.34137
1913 7.31835
1931 7.25013
1933 7.24263
1949 7.18317
1951 7.17581
1973 7.09579
1979 7.57959
1987 7.54907
1993 7.02459
1997 7.51127
1999 7.50375
2003 7.48877
2011 7.45898
2017 7.43679
2027 7.4001
2029 7.3928
2039 7.35655
2053 7.30638
2063 7.27096
2069 7.24988
2081 7.20807
2083 7.20115
2087 7.66651
2089 7.18047
2099 7.14626
2111 7.10564
2113 8.04543
2129 8.92438
2131 11.2623
2137 11.2307
2141 11.2097
2143 19.5987
2153 10.2183
2161 10.6432
2179 8.26067
2203 8.17068
2207 8.60897
2213 8.58563
2221 8.5547
2237 8.04649
2239 8.48593
2243 8.4708
2251 8.44069
2267 8.38112
2269 7.93301
2273 8.359
2281 8.76808
2287 8.74508
2293 10.9027
2297 10.8838
2309 11.2603
2311 11.2505
2333 10.7158
2339 10.6883
2341 14.9509
2347 9.79974
2351 8.08167
2357 8.48536
2371 8.0135
2377 8.41397
2381 8.39983
2383 8.39278
2389 8.3717
2393 12.9545
2399 10.421
2411 8.29531
2417 8.27472
2423 9.07965
2437 11.0792
2441 9.42237
2447 8.17327
2459 8.13339
2467 8.10701
2473 8.49171
2477 8.07428
2503 7.99041
2521 8.33003
2531 8.29712
2539 8.27097
2543 8.25796
2549 8.23852
2551 9.80008
2557 8.60383
2579 10.8569
2591 12.7364
2593 11.9553
2609 8.43235
2617 8.40657
2621 11.446
2633 7.2161
2647 7.17794
2657 7.52729
2659 7.52162
2663 7.13481
2671 7.11344
2677 7.47105
2683 7.45434
2687 7.07108
2689 7.43771
2693 7.42666
2699 7.41015
2707 7.38825
2711 7.00848
2713 7.37191
2719 7.35565
2729 8.428
2731 9.88649
2741 7.29661
2749 7.27537
2753 7.2648
2767 7.22804
2777 7.20202
2789 7.52958
2791 7.16589
2797 7.50804
2801 7.14031
2803 7.49197
2819 7.09471
2833 7.41264
2837 7.40219
2843 7.03482
2851 7.36584
2857 7.35037
2861 7.34009
2879 7.2942
2887 7.27399
2897 7.24888
2903 7.57837
2909 7.56274
2917 7.19918
2927 7.51623
2939 7.14529
2953 7.45005
2957 7.10179
2963 7.42491
2969 7.4099
2971 7.06833
2999 7.33578
3001 7.33089
3011 7.30654
3019 7.28718
3023 7.27754
3037 7.24399
3041 7.5633
3049 7.54346
3061 7.18719
3067 7.17313
3079 7.46996
3083 7.13591
3089 7.44578
3109 7.39788
3119 7.37416
3121 7.36943
3137 7.33185
3163 7.27158
3167 7.26239
3169 7.25781
3181 7.23043
3187 7.21682
3191 7.20777
3203 7.49298
3209 7.16734
3217 7.46037
3221 7.14064
3229 7.43264
3251 7.38234
3253 7.0704
3257 7.36874
3259 7.36422
3271 7.33721
3299 7.27493
3301 7.27052
3307 7.25733
3313 7.24419
3319 7.23109
3323 7.52332
3329 7.50976
3331 7.50525
3343 7.17918
3347 14.3412
3359 8.03811
3361 7.43826
3371 7.11955
3373 7.4118
3389 7.37681
3391 7.37246
3407 7.33783
3413 7.32493
3433 8.15613
3449 8.11829
3457 14.1741
3461 8.37908
3463 19.6362
3467 8.36458
3469 8.35976
3491 8.30708
3499 8.85967
3511 12.532
3517 8.24566
3527 17.5787
3529 8.50099
3533 8.49137
3539 8.47697
3541 8.18978
3547 8.45785
3557 8.15294
3559 24.4451
3571 7.28087
3581 7.26054
3583 7.25649
3593 7.23629
3607 7.20821
3613 7.19624
3617 7.46475
3623 7.45239
3631 7.16056
3637 7.14875
3643 8.23497
3659 10.1121
3671 7.35494
3673 8.16771
3677 8.15882
3691 8.12788
3697 8.38518
3701 8.10592
3709 8.35805
3719 8.33557
3727 7.24443
3733 7.23279
3739 7.48863
3761 7.17894
3767 7.43297
3769 7.42903
3779 7.14475
3793 7.38202
3797 7.37424
3803 7.36261
3821 7.32792
3823 7.32409
3833 7.30498
3847 7.2784
3851 7.27084
3853 7.26706
3863 7.24825
3877 7.48001
3881 7.4723
3889 7.45693
3907 7.16662
3911 7.41498
3917 11.999
3919 15.5652
3923 7.3923
3929 7.38101
3931 7.37726
3943 7.35481
3947 7.34735
3967 7.31031
3989 7.26999
4001 7.24819
4003 7.24457
4007 7.23733
4013 7.4757
4019 7.21573
4021 7.46083
4027 7.44971
4049 7.40924
4051 7.40558
4057 7.14814
4073 7.36558
4079 7.35474
4091 7.33317
4093 7.32959
4099 7.31886
4111 7.29749
4127 7.51151
4129 7.26568
4133 7.25865
4139 7.24813
4153 7.46448
4157 7.21674
4159 7.45371
4177 7.42159
4201 7.3792
4211 7.36167
4217 7.3512
4219 7.34771
4229 7.33034
4231 7.32687
4241 7.3096
4243 7.30615
4253 7.28897
4259 7.2787
4261 7.27529
4271 7.25825
4273 7.25486
4283 7.4714
4289 7.22779
4297 7.21434
4327 7.16432
4337 7.37837
4339 10.6015
4349 11.267
4357 7.3445
4363 7.3344
4373 7.31763
4391 7.28763
4397 7.27769
4409 7.25788
