2 0
3 0
5 0
7 0
11 0
13 76.9231
17 0
19 0
23 43.4783
29 34.4828
31 32.2581
37 0
41 0
43 23.2558
47 0
53 0
59 16.9492
61 16.3934
67 0
71 0
73 13.6986
79 12.6582
83 12.0482
89 11.236
97 10.3093
101 9.90099
103 9.70874
107 9.34579
109 18.3486
113 8.84956
127 15.748
131 7.63359
137 7.29927
139 7.19424
149 13.4228
151 13.245
157 12.7389
163 6.13497
167 5.98802
173 11.5607
179 11.1732
181 5.52486
191 10.4712
193 10.3627
197 5.07614
199 10.0503
211 9.47867
223 8.96861
227 8.81057
229 8.73362
233 12.8755
239 12.5523
241 12.4481
251 11.9522
257 7.7821
263 11.4068
269 11.1524
271 11.0701
277 10.8303
281 10.6762
283 7.06714
293 10.2389
307 9.77199
311 9.6463
313 9.58466
317 9.46372
331 12.0846
337 8.90208
347 8.64553
349 8.59599
353 8.49858
359 8.35655
367 10.8992
373 10.7239
379 10.5541
383 10.4439
389 10.2828
397 10.0756
401 9.97506
409 9.77995
419 9.54654
421 9.50119
431 11.6009
433 9.23787
439 9.11162
443 11.2867
449 8.90869
457 8.75274
461 8.67679
463 10.7991
467 10.7066
479 8.35073
487 10.2669
491 8.14664
499 10.02
503 9.94036
509 9.82318
521 9.59693
523 9.56023
541 11.0906
547 9.14077
557 8.97666
563 10.6572
569 10.5448
571 10.5079
577 8.66551
587 10.2215
593 10.118
599 10.0167
601 9.98336
607 9.88468
613 8.15661
617 9.72447
619 8.07754
631 7.92393
641 7.80031
643 7.77605
647 7.72798
653 7.65697
659 7.58725
661 7.5643
673 7.42942
677 7.38552
683 7.32064
691 7.23589
701 7.13267
709 7.05219
719 6.9541
727 8.25309
733 6.82128
739 8.11908
743 6.72948
751 7.98935
757 6.60502
761 6.5703
769 6.50195
773 7.76197
787 6.35324
797 6.27353
809 7.41656
811 7.39827
821 7.30816
823 7.2904
827 7.25514
829 7.23764
839 7.15137
853 8.20633
857 8.16803
859 6.98487
863 6.95249
877 7.98176
881 7.94552
883 6.79502
887 6.76437
907 7.71775
911 7.68386
919 7.61697
929 7.53498
937 7.47065
941 15.9405
947 7.39176
953 6.29591
967 7.23888
971 7.20906
977 7.16479
983 7.12106
991 7.06357
997 7.02106
1009 6.93756
1013 6.91017
1019 6.86948
1021 6.85602
1031 6.78952
1033 7.74443
1039 6.73725
1049 6.67302
1051 6.66032
1061 7.54006
1063 6.58514
1069 6.54818
1087 7.35971
1091 7.33272
1093 7.3193
1097 7.29262
1103 7.25295
1109 7.21371
1117 7.16204
1123 7.12378
1129 7.08592
1151 6.95048
1153 6.93842
1163 6.87876
1171 6.83177
1181 6.77392
1187 7.58214
1193 7.54401
1201 7.49376
1213 6.59522
1217 6.57354
1223 6.54129
1229 7.32303
1231 7.31113
1237 6.46726
1249 7.20576
1259 7.14853
1277 7.04777
1279 7.03675
1283 7.01481
1289 6.98216
1291 6.97134
1297 6.93909
1301 7.6864
1303 6.90714
1307 6.886
1319 6.82335
1321 6.81302
1327 7.5358
1361 7.34754
1367 7.31529
1373 7.28332
1381 6.51702
1399 7.14796
1409 7.09723
1423 7.02741
1427 7.00771
1429 6.9979
1433 6.97837
1439 6.94927
1447 6.91085
1451 6.8918
1453 18.5822
1459 6.85401
1471 6.7981
1481 6.75219
1483 6.74309
1487 7.39744
1489 6.71592
1493 7.36772
1499 6.67111
1511 6.61813
1523 6.56599
1531 7.18485
1543 16.8503
1549 7.74693
1553 10.3026
1559 7.05581
1567 7.01978
1571 7.00191
1579 6.96643
1583 6.94883
1597 7.51409
1601 7.49532
1607 7.46733
1609 6.83654
1613 6.81959
1619 7.41198
1621 6.78593
1627 7.37554
1637 6.71961
1657 7.242
1663 7.8172
1667 7.19856
1669 7.18993
1693 7.08801
1697 7.0713
1699 7.06298
1709 7.02165
1721 6.97269
1723 6.9646
1733 6.92441
1741 7.46697
1747 6.86892
1753 7.41586
1759 6.82206
1777 7.3157
1783 6.73023
1787 6.71517
1789 6.70766
1801 6.66296
1811 7.17835
1823 7.1311
1831 7.09995
1847 7.03844
1861 6.98549
1867 6.96304
1871 6.94816
1873 6.94074
1877 6.92595
1879 6.91857
1889 7.41133
1901 6.83851
1907 6.81699
1913 6.79561
1931 6.73226
1933 7.24263
1949 6.67009
1951 6.66325
1973 6.58895
1979 7.07428
1987 7.0458
1993 7.02459
1997 7.01052
1999 7.0035
2003 6.98952
2011 6.96171
2017 6.941
2027 6.90676
2029 7.3928
2039 6.86611
2053 6.81929
2063 6.78623
2069 7.24988
2081 7.20807
2083 6.72108
2087 6.70819
2089 7.18047
2099 7.14626
2111 7.10564
2113 7.09891
2129 7.51527
2131 10.7931
2137 7.95508
2141 10.7426
2143 7.9328
2153 10.2183
2161 7.86673
2179 7.80174
2203 8.17068
2207 8.15587
2213 8.13375
2221 7.65421
2237 8.04649
2239 7.59268
2243 8.02497
2251 7.5522
2267 7.4989
2269 7.93301
2273 7.91905
2281 7.89128
2287 10.4941
2293 10.4666
2297 10.0131
2309 11.6934
2311 10.8178
2333 9.00129
2339 10.6883
2341 10.252
2347 7.66936
2351 7.65632
2357 8.06109
2371 8.0135
2377 7.99327
2381 7.97984
2383 7.5535
2389 7.95312
2393 10.4471
2399 7.91997
2411 7.88055
2417 7.86098
2423 7.84152
2437 9.43783
2441 11.061
2447 7.76461
2459 7.72672
2467 7.70166
2473 8.08734
2477 7.67057
2503 7.99041
2521 7.93336
2531 7.90202
2539 7.87712
2543 7.86473
2549 7.84621
2551 7.84006
2557 10.9503
2579 11.2447
2591 25.4728
2593 12.7266
2609 7.66577
2617 8.02446
2621 8.01221
2633 7.2161
2647 7.17794
2657 6.77456
2659 6.76946
2663 7.13481
2671 7.11344
2677 6.72394
2683 6.70891
2687 7.07108
2689 7.06582
2693 7.05533
2699 6.66914
2707 7.01884
2711 7.00848
2713 7.00332
2719 6.98786
2729 7.69513
2731 17.9421
2741 6.93178
2749 6.9116
2753 6.90156
2767 6.86664
2777 6.84192
2789 6.81248
2791 7.16589
2797 6.79299
2801 7.14031
2803 6.77845
2819 6.73998
2833 7.05965
2837 7.0497
2843 6.68308
2851 6.66433
2857 7.00035
2861 6.99056
2879 6.94686
2887 6.92761
2897 6.90369
2903 7.2339
2909 6.87522
2917 7.19918
2927 6.83293
2939 7.14529
2953 7.11141
2957 7.10179
2963 7.08741
2969 7.07309
2971 6.73174
2999 7.00233
3001 6.99767
3011 6.97443
3019 6.95595
3023 6.94674
3037 6.91472
3041 6.90562
3049 7.21548
3061 6.8605
3067 7.17313
3079 6.8204
3083 6.81155
3089 7.12205
3109 7.07623
3119 6.73293
3121 7.04902
3137 7.01307
3163 6.95542
3167 6.94664
3169 6.94225
3181 6.91606
3187 6.90304
3191 6.89439
3203 6.86856
3209 6.85572
3217 7.14952
3221 6.83018
3229 6.81325
3251 6.76715
3253 7.0704
3257 7.06171
3259 7.05738
3271 7.03149
3299 6.97181
3301 6.96759
3307 6.95494
3313 6.94235
3319 6.9298
3323 6.92146
3329 6.90898
3331 6.90483
3343 6.88005
3347 18.8228
3359 8.93123
3361 6.8432
3371 7.11955
3373 6.81886
3389 6.78666
3391 6.78266
3407 7.04432
3413 7.03194
3433 6.99097
3449 7.82836
3457 13.3063
3461 23.1147
3463 8.95178
3467 7.78771
3469 7.78322
3491 7.73417
3499 8.00229
3511 7.97494
3517 10.8047
3527 10.774
3529 7.65089
3533 7.92528
3539 7.91184
3541 7.62496
3547 7.89399
3557 7.8718
3559 7.86738
3571 7.00084
3581 6.98129
3583 6.97739
3593 6.95797
3607 6.93097
3613 6.91946
3617 6.91181
3623 7.17637
3631 6.88516
3637 6.8738
3643 7.96047
3659 7.92566
3671 7.08254
3673 7.07868
3677 7.88686
3691 7.85695
3697 8.11469
3701 7.83572
3709 7.81882
3719 7.7978
3727 7.78106
3733 6.96491
3739 6.95373
3761 6.91305
3767 7.16751
3769 6.89838
3779 6.88013
3793 6.85473
3797 7.11088
3803 6.83671
3821 7.06621
3823 6.80094
3833 7.04409
3847 7.01846
3851 7.01117
3853 7.00753
3863 6.98939
3877 6.96415
3881 6.95697
3889 6.94266
3907 6.91067
3911 6.9036
3917 6.89303
3919 7.91018
3923 13.2552
3929 7.1265
3931 6.86848
3943 6.84758
3947 6.84064
3967 7.05823
3989 7.0193
4001 6.99825
4003 6.99475
4007 6.98777
4013 6.97732
4019 6.96691
4021 6.96344
4027 6.95307
4049 6.91529
4051 6.91187
4057 6.90165
4073 6.87454
4079 6.86443
4091 7.08873
4093 7.08527
4099 6.83093
4111 6.811
4127 7.0269
4129 7.02349
4133 7.0167
4139 7.00652
4153 6.9829
4157 6.97618
4159 6.73239
4177 6.94278
4201 7.14116
4211 7.1242
4217 6.87693
4219 7.11069
4229 6.85741
4231 6.85417
4241 6.83801
4243 7.07047
4253 7.05384
4259 7.04391
4261 7.0406
4271 7.02412
4273 7.02083
4283 7.00444
4289 6.99464
4297 6.98162
4327 6.93321
4337 6.91722
4339 10.6015
4349 10.5771
4357 6.88547
4363 7.1052
4373 7.08895
4391 7.0599
4397 7.05026
4409 7.03107
