2 0
3 0
5 0
7 142.857
11 0
13 76.9231
17 0
19 52.6316
23 0
29 34.4828
31 32.2581
37 27.027
41 24.3902
43 23.2558
47 21.2766
53 18.8679
59 16.9492
61 16.3934
67 14.9254
71 14.0845
73 13.6986
79 12.6582
83 12.0482
89 22.4719
97 10.3093
101 9.90099
103 9.70874
107 18.6916
109 9.17431
113 8.84956
127 15.748
131 7.63359
137 14.5985
139 7.19424
149 13.4228
151 6.62252
157 12.7389
163 12.2699
167 11.976
173 11.5607
179 11.1732
181 11.0497
191 10.4712
193 10.3627
197 10.1523
199 10.0503
211 9.47867
223 8.96861
227 13.2159
229 17.4672
233 12.8755
239 12.5523
241 12.4481
251 15.9363
257 15.5642
263 15.2091
269 11.1524
271 14.7601
277 14.4404
281 10.6762
283 10.6007
293 10.2389
307 9.77199
311 9.6463
313 12.7796
317 9.46372
331 9.06344
337 11.8694
347 8.64553
349 8.59599
353 11.3314
359 8.35655
367 8.17439
373 8.0429
379 10.5541
383 10.4439
389 10.2828
397 10.0756
401 9.97506
409 9.77995
419 9.54654
421 11.8765
431 27.8422
433 9.23787
439 9.11162
443 9.02935
449 11.1359
457 8.75274
461 10.846
463 10.7991
467 10.7066
479 8.35073
487 10.2669
491 10.1833
499 10.02
503 9.94036
509 9.82318
521 9.59693
523 9.56023
541 11.0906
547 9.14077
557 10.772
563 10.6572
569 10.5448
571 10.5079
577 10.3986
587 10.2215
593 10.118
599 10.0167
601 9.98336
607 9.88468
613 11.4192
617 9.72447
619 9.69305
631 7.92393
641 9.36037
643 7.77605
647 9.27357
653 9.18836
659 9.1047
661 9.07716
673 7.42942
677 8.86263
683 8.78477
691 8.68307
701 7.13267
709 8.46262
719 8.34492
727 12.3796
733 10.9141
739 8.11908
743 8.07537
751 11.984
757 11.889
761 11.8265
769 46.814
773 11.6429
787 12.7065
797 11.2923
809 11.1248
811 8.63132
821 8.52619
823 9.72053
827 7.25514
829 8.44391
839 7.15137
853 8.20633
857 8.16803
859 8.14901
863 8.11124
877 9.12201
881 7.94552
883 7.92752
887 7.89177
907 7.71775
911 8.78156
919 8.70511
929 8.61141
937 8.53789
941 8.50159
947 8.44773
953 8.39454
967 8.27301
971 7.20906
977 7.16479
983 8.13835
991 7.06357
997 7.02106
1009 7.92864
1013 7.89733
1019 7.85083
1021 6.85602
1031 6.78952
1033 7.74443
1039 7.69971
1049 7.62631
1051 7.6118
1061 7.54006
1063 7.52587
1069 7.48363
1087 7.35971
1091 7.33272
1093 7.3193
1097 7.29262
1103 7.25295
1109 7.21371
1117 7.16204
1123 7.12378
1129 7.08592
1151 6.95048
1153 7.80572
1163 7.73861
1171 6.83177
1181 6.77392
1187 7.58214
1193 7.54401
1201 7.49376
1213 7.41962
1217 7.39523
1223 7.35895
1229 7.32303
1231 7.31113
1237 7.27567
1249 7.20576
1259 7.94281
1277 7.04777
1279 7.03675
1283 7.01481
1289 7.75795
1291 6.97134
1297 7.7101
1301 6.91776
1303 7.6746
1307 7.65111
1319 7.5815
1321 6.81302
1327 7.5358
1361 7.34754
1367 7.31529
1373 8.01165
1381 7.24113
1399 7.14796
1409 7.09723
1423 7.73015
1427 7.00771
1429 7.69769
1433 6.97837
1439 6.94927
1447 7.60193
1451 7.58098
1453 6.88231
1459 7.53941
1471 7.47791
1481 7.42741
1483 6.74309
1487 7.39744
1489 7.38751
1493 7.36772
1499 7.33823
1511 11.9126
1523 9.84898
1531 8.49118
1543 7.12897
1549 7.74693
1553 7.08307
1559 7.69724
1567 7.65795
1571 7.63845
1579 7.59975
1583 6.94883
1597 7.51409
1601 7.49532
1607 6.84505
1609 7.45805
1613 7.43955
1619 6.79432
1621 7.40284
1627 7.37554
1637 7.94136
1657 8.449
1663 7.8172
1667 8.39832
1669 8.38826
1693 13.5854
1697 8.24985
1699 8.24014
1709 8.19193
1721 8.71586
1723 8.12536
1733 8.07848
1741 8.61574
1747 8.58615
1753 7.98631
1759 8.52757
1777 7.87845
1783 8.41279
1787 8.39396
1789 8.38457
1801 8.32871
1811 8.28272
1823 22.4904
1831 8.73839
1847 10.8284
1861 8.06018
1867 9.10552
1871 10.155
1873 8.54245
1877 7.99148
1879 7.98297
1889 7.94071
1901 8.41662
1907 8.39014
1913 8.36383
1931 8.28586
1933 8.27729
1949 8.20934
1951 8.20092
1973 8.10948
1979 48.5093
1987 7.54907
1993 7.02459
1997 7.51127
1999 7.50375
2003 7.48877
2011 6.96171
2017 6.941
2027 7.4001
2029 7.3928
2039 7.35655
2053 7.30638
2063 7.27096
2069 7.7332
2081 7.68861
2083 7.68123
2087 7.66651
2089 7.65917
2099 7.62268
2111 7.57935
2113 7.57217
2129 7.51527
2131 7.50821
2137 7.48713
2141 7.00607
2143 7.46617
2153 7.43149
2161 7.40398
2179 7.34282
2203 7.26282
2207 7.70276
2213 7.68188
2221 7.20396
2237 7.15244
2239 7.14605
2243 7.57913
2251 7.5522
2267 7.4989
2269 7.05156
2273 7.4791
2281 7.45287
2287 7.43332
2293 7.41387
2297 7.40096
2309 7.36249
2311 7.35612
2333 7.71539
2339 7.26806
2341 7.26185
2347 7.66936
2351 7.23097
2357 7.21256
2371 7.16997
2377 7.15187
2381 7.13986
2383 7.5535
2389 7.11595
2393 7.52194
2399 7.08629
2411 7.05102
2417 7.44725
2423 7.42881
2437 7.38613
2441 7.37403
2447 7.35595
2459 7.32005
2467 7.29631
2473 7.27861
2477 7.26686
2503 7.19137
2521 7.14002
2531 7.11181
2539 7.08941
2543 7.07825
2549 7.4539
2551 7.05606
2557 7.43058
2579 7.3672
2591 7.33308
2593 7.32742
2609 7.28248
2617 7.26022
2621 7.63068
2633 7.5959
2647 7.17794
2657 7.52729
2659 7.52162
2663 7.51033
2671 7.48783
2677 7.0975
2683 7.45434
2687 7.44325
2689 7.43771
2693 7.42666
2699 7.41015
2707 7.38825
2711 7.37735
2713 7.37191
2719 7.35565
2729 7.32869
2731 7.32332
2741 7.29661
2749 7.27537
2753 7.2648
2767 7.58945
2777 7.20202
2789 7.17103
2791 7.52418
2797 7.15052
2801 7.14031
2803 7.49197
2819 7.44945
2833 7.41264
2837 7.40219
2843 7.38656
2851 7.36584
2857 7.35037
2861 7.34009
2879 7.64154
2887 7.27399
2897 7.24888
2903 7.2339
2909 7.56274
2917 7.19918
2927 7.17458
2939 7.14529
2953 7.45005
2957 7.10179
2963 7.08741
2969 7.4099
2971 7.06833
2999 7.33578
3001 7.33089
3011 7.30654
3019 7.28718
3023 7.27754
3037 7.57326
3041 7.23446
3049 7.21548
3061 7.51388
3067 7.17313
3079 7.14518
3083 7.46027
3089 7.44578
3109 10.6143
3119 11.5422
3121 10.8939
3137 7.33185
3163 7.27158
3167 7.26239
3169 7.25781
3181 7.23043
3187 7.53059
3191 7.20777
3203 7.49298
3209 7.47897
3217 7.46037
3221 7.14064
3229 7.43264
3251 7.38234
3253 7.37781
3257 7.36874
3259 7.36422
3271 7.33721
3299 7.27493
3301 7.27052
3307 7.25733
3313 8.14971
3319 7.23109
3323 7.22239
3329 7.20937
3331 7.50525
3343 7.47831
3347 7.1706
3359 7.44269
3361 7.43826
3371 7.11955
3373 7.4118
3389 7.37681
3391 7.37246
3407 7.33783
3413 7.32493
3433 7.28226
3449 7.24848
3457 7.2317
3461 7.22335
3463 7.21917
3467 7.21084
3469 7.20669
3491 7.16127
3499 7.43069
3511 7.4053
3517 7.39266
3527 7.3717
3529 7.36753
3533 7.35918
3539 7.34671
3541 7.06015
3547 7.33014
3557 7.30953
3559 7.30542
3571 7.28087
3581 7.53979
3583 7.25649
3593 7.51461
3607 7.20821
3613 7.47301
3617 7.46475
3623 7.45239
3631 7.43597
3637 7.4237
3643 7.41147
3659 7.10577
3671 7.35494
3673 7.35094
3677 7.34294
3691 7.31509
3697 7.30322
3701 7.29533
3709 7.27959
3719 7.26002
3727 7.24443
3733 7.50067
3739 7.22118
3761 7.44483
3767 7.43297
3769 7.42903
3779 7.40937
3793 7.38202
3797 8.16434
3803 7.36261
3821 7.32792
3823 7.32409
3833 7.30498
3847 7.2784
3851 7.27084
3853 7.5266
3863 7.24825
3877 7.22208
3881 7.21464
3889 7.45693
3907 7.42257
3911 7.41498
3917 7.40363
3919 10.4619
3923 14.7846
3929 8.39908
3931 7.37726
3943 7.35481
3947 7.85407
3967 10.8394
3989 10.7796
4001 8.74781
4003 12.7404
4007 8.23559
4013 7.22651
4019 10.6992
4021 11.1912
4027 8.44301
4049 8.89108
4051 9.87411
4057 8.13409
4073 7.12006
4079 7.35474
4091 7.33317
4093 7.32959
4099 10.2464
4111 10.703
4127 10.9038
4129 9.92976
4133 10.1621
4139 7.48973
4153 7.46448
4157 7.21674
4159 14.9074
4177 12.9279
4201 7.85527
4211 7.83662
4217 7.82547
4219 7.82176
4229 8.27619
4231 8.27228
4241 8.25277
4243 8.24888
4253 8.46461
4259 8.21789
4261 7.27529
4271 7.25825
4273 7.25486
4283 7.4714
4289 7.46095
4297 7.44706
4327 7.39542
4337 7.37837
4339 7.37497
4349 7.35801
4357 7.3445
4363 7.3344
4373 7.31763
4391 7.28763
4397 8.41483
4409 7.25788
