2 0
3 333.333
5 0
7 142.857
11 0
13 0
17 58.8235
19 0
23 0
29 34.4828
31 0
37 0
41 24.3902
43 23.2558
47 21.2766
53 0
59 16.9492
61 0
67 14.9254
71 14.0845
73 13.6986
79 12.6582
83 24.0964
89 11.236
97 10.3093
101 9.90099
103 9.70874
107 9.34579
109 9.17431
113 8.84956
127 7.87402
131 7.63359
137 14.5985
139 7.19424
149 6.71141
151 13.245
157 6.36943
163 12.2699
167 11.976
173 11.5607
179 11.1732
181 11.0497
191 5.2356
193 10.3627
197 10.1523
199 10.0503
211 9.47867
223 8.96861
227 13.2159
229 13.1004
233 17.1674
239 8.3682
241 12.4481
251 11.9522
257 11.6732
263 11.4068
269 14.8699
271 14.7601
277 14.4404
281 7.11744
283 10.6007
293 10.2389
307 9.77199
311 9.6463
313 9.58466
317 9.46372
331 9.06344
337 8.90208
347 8.64553
349 8.59599
353 11.3314
359 8.35655
367 10.8992
373 10.7239
379 7.91557
383 10.4439
389 7.71208
397 7.55667
401 7.4813
409 9.77995
419 9.54654
421 9.50119
431 9.28074
433 9.23787
439 9.11162
443 9.02935
449 11.1359
457 8.75274
461 10.846
463 8.63931
467 8.56531
479 10.4384
487 10.2669
491 10.1833
499 10.02
503 9.94036
509 9.82318
521 9.59693
523 9.56023
541 11.0906
547 9.14077
557 8.97666
563 8.88099
569 10.5448
571 10.5079
577 10.3986
587 10.2215
593 10.118
599 10.0167
601 8.31947
607 9.88468
613 9.78793
617 9.72447
619 9.69305
631 9.50872
641 7.80031
643 9.33126
647 7.72798
653 7.65697
659 9.1047
661 9.07716
673 7.42942
677 8.86263
683 8.78477
691 7.23589
701 8.5592
709 7.05219
719 8.34492
727 11.0041
733 10.9141
739 29.77
743 8.07537
751 11.984
757 10.568
761 11.8265
769 11.7035
773 11.6429
787 11.4358
797 11.2923
809 11.1248
811 8.63132
821 7.30816
823 7.2904
827 8.46433
829 8.44391
839 7.15137
853 7.034
857 7.00117
859 6.98487
863 8.11124
877 10.2623
881 7.94552
883 7.92752
887 7.89177
907 7.71775
911 7.68386
919 9.79325
929 7.53498
937 7.47065
941 7.43889
947 8.44773
953 7.34523
967 10.3413
971 7.20906
977 6.14125
983 7.12106
991 7.06357
997 7.02106
1009 6.93756
1013 6.91017
1019 6.86948
1021 6.85602
1031 6.78952
1033 6.77638
1039 7.69971
1049 6.67302
1051 7.6118
1061 7.54006
1063 6.58514
1069 7.48363
1087 6.43974
1091 7.33272
1093 6.40439
1097 7.29262
1103 7.25295
1109 6.31199
1117 7.16204
1123 7.12378
1129 6.20018
1151 6.95048
1153 6.93842
1163 6.87876
1171 6.83177
1181 6.77392
1187 6.73968
1193 6.70578
1201 6.66112
1213 6.59522
1217 6.57354
1223 6.54129
1229 6.50936
1231 6.49878
1237 7.27567
1249 7.20576
1259 7.14853
1277 7.04777
1279 7.03675
1283 7.01481
1289 6.98216
1291 6.97134
1297 6.93909
1301 6.91776
1303 6.90714
1307 6.886
1319 6.82335
1321 6.81302
1327 7.5358
1361 7.34754
1367 6.58376
1373 7.28332
1381 6.51702
1399 7.14796
1409 7.09723
1423 7.02741
1427 7.00771
1429 6.9979
1433 6.97837
1439 6.94927
1447 6.91085
1451 6.8918
1453 6.88231
1459 6.85401
1471 6.7981
1481 7.42741
1483 6.74309
1487 6.72495
1489 7.38751
1493 6.69792
1499 7.33823
1511 7.27995
1523 11.1622
1531 7.83801
1543 7.77706
1549 7.10136
1553 6.43915
1559 7.05581
1567 7.01978
1571 7.00191
1579 6.96643
1583 6.94883
1597 6.88791
1601 6.87071
1607 6.84505
1609 6.83654
1613 7.43955
1619 6.79432
1621 7.40284
1627 6.76091
1637 14.661
1657 7.8455
1663 7.8172
1667 7.79844
1669 8.38826
1693 7.67868
1697 8.24985
1699 7.65156
1709 7.60679
1721 7.55375
1723 8.12536
1733 8.07848
1741 8.04136
1747 7.44133
1753 7.98631
1759 7.39056
1777 8.44119
1783 7.85193
1787 7.83436
1789 8.38457
1801 8.32871
1811 7.73054
1823 8.2282
1831 7.64609
1847 7.57986
1861 10.7469
1867 9.10552
1871 10.155
1873 24.0256
1877 7.45871
1879 7.45077
1889 7.94071
1901 7.89058
1907 7.86576
1913 7.84109
1931 7.768
1933 7.75996
1949 7.69625
1951 8.20092
1973 8.10948
1979 14.1486
1987 7.0458
1993 6.52283
1997 7.01052
1999 7.0035
2003 6.98952
2011 6.96171
2017 6.941
2027 6.90676
2029 6.89995
2039 6.86611
2053 6.81929
2063 7.27096
2069 7.24988
2081 7.20807
2083 7.20115
2087 7.18735
2089 7.18047
2099 7.14626
2111 7.10564
2113 7.57217
2129 7.51527
2131 7.03895
2137 7.01919
2141 7.47314
2143 6.99953
2153 6.96702
2161 6.94123
2179 6.88389
2203 7.26282
2207 6.79656
2213 6.77813
2221 6.75371
2237 7.15244
2239 6.69942
2243 6.68747
2251 6.6637
2267 7.05779
2269 7.05156
2273 7.03916
2281 7.01447
2287 6.99606
2293 6.97776
2297 6.96561
2309 6.92941
2311 6.92341
2333 7.28676
2339 7.26806
2341 6.83469
2347 6.81721
2351 6.80561
2357 7.21256
2371 6.74821
2377 6.73117
2381 7.13986
2383 7.13386
2389 7.11595
2393 7.10405
2399 7.08629
2411 7.05102
2417 6.61978
2423 7.0161
2437 6.97579
2441 6.96436
2447 7.35595
2459 6.91338
2467 7.29631
2473 7.27861
2477 6.86314
2503 7.19137
2521 6.74336
2531 7.11181
2539 7.08941
2543 7.07825
2549 6.66928
2551 7.05606
2557 6.64842
2579 6.5917
2591 6.94712
2593 6.94177
2609 6.8992
2617 7.26022
2621 6.86761
2633 6.83631
2647 6.80015
2657 7.15092
2659 7.14554
2663 6.75929
2671 7.11344
2677 7.0975
2683 6.70891
2687 7.07108
2689 7.06582
2693 7.05533
2699 7.03964
2707 7.01884
2711 7.00848
2713 6.63472
2719 6.98786
2729 6.96226
2731 6.95716
2741 6.93178
2749 6.9116
2753 6.90156
2767 7.22804
2777 6.84192
2789 7.17103
2791 7.16589
2797 7.15052
2801 6.78329
2803 6.77845
2819 7.09471
2833 7.05965
2837 7.0497
2843 7.03482
2851 7.01508
2857 7.00035
2861 6.99056
2879 6.94686
2887 6.92761
2897 6.90369
2903 6.88942
2909 7.21898
2917 6.85636
2927 6.83293
2939 7.14529
2953 6.77277
2957 6.76361
2963 7.08741
2969 7.07309
2971 6.73174
2999 7.00233
3001 6.99767
3011 6.97443
3019 6.95595
3023 6.94674
3037 7.24399
3041 6.90562
3049 6.8875
3061 6.8605
3067 7.17313
3079 7.14518
3083 7.13591
3089 6.79832
3109 10.936
3119 10.5803
3121 10.5735
3137 7.01307
3163 6.95542
3167 6.94664
3169 6.94225
3181 6.91606
3187 6.90304
3191 6.89439
3203 6.86856
3209 6.85572
3217 6.83867
3221 7.14064
3229 6.81325
3251 6.76715
3253 7.0704
3257 7.06171
3259 7.05738
3271 7.03149
3299 6.97181
3301 6.96759
3307 6.95494
3313 6.94235
3319 6.9298
3323 6.92146
3329 7.20937
3331 6.90483
3343 6.88005
3347 6.87183
3359 6.84728
3361 6.8432
3371 6.8229
3373 6.81886
3389 7.08174
3391 7.07756
3407 7.04432
3413 7.03194
3433 6.99097
3449 6.95854
3457 6.94244
3461 6.93441
3463 6.93041
3467 6.92241
3469 6.91842
3491 6.87482
3499 6.8591
3511 7.12048
3517 6.824
3527 6.80465
3529 7.08416
3533 7.07614
3539 6.78158
3541 7.06015
3547 7.04821
3557 6.74726
3559 7.02445
3571 7.00084
3581 6.98129
3583 6.97739
3593 6.95797
3607 6.93097
3613 6.91946
3617 6.91181
3623 6.90036
3631 6.88516
3637 6.8738
3643 7.13697
3659 7.10577
3671 7.08254
3673 6.80643
3677 7.07098
3691 7.04416
3697 6.76224
3701 7.02513
3709 6.74036
3719 6.99113
3727 6.70781
3733 6.96491
3739 6.95373
3761 6.91305
3767 6.90204
3769 6.89838
3779 6.88013
3793 6.85473
3797 7.11088
3803 7.09966
3821 7.06621
3823 6.80094
3833 7.04409
3847 7.01846
3851 7.01117
3853 7.00753
3863 6.98939
3877 6.96415
3881 6.95697
3889 6.94266
3907 6.91067
3911 6.9036
3917 6.89303
3919 6.88951
3923 7.90212
3929 13.2349
3931 16.2808
3943 7.10119
3947 7.094
3967 7.81447
3989 7.77137
4001 7.74806
4003 8.24382
4007 12.9773
4013 8.22327
4019 6.96691
4021 8.7043
4027 6.95307
4049 8.89108
4051 6.91187
4057 7.8876
4073 6.87454
4079 6.86443
4091 7.82205
4093 6.84095
4099 6.83093
4111 9.97324
4127 6.78459
4129 8.23444
4133 7.0167
4139 15.7043
4153 6.9829
4157 6.73563
4159 7.45371
4177 7.90041
4201 7.85527
4211 7.36167
4217 7.58833
4219 7.58474
4229 7.80326
4231 7.79957
4241 8.01698
4243 7.77752
4253 7.99436
4259 7.7483
4261 7.0406
4271 7.02412
4273 7.02083
4283 6.77096
4289 6.76148
4297 6.98162
4327 6.93321
4337 6.91722
4339 6.91404
4349 6.89814
4357 6.88547
4363 6.876
4373 6.86028
4391 6.83216
4397 7.73254
4409 7.03107
