2 0
3 0
5 0
7 0
11 90.9091
13 76.9231
17 58.8235
19 0
23 0
29 34.4828
31 0
37 0
41 24.3902
43 23.2558
47 21.2766
53 18.8679
59 16.9492
61 0
67 14.9254
71 14.0845
73 13.6986
79 12.6582
83 0
89 0
97 10.3093
101 19.802
103 9.70874
107 9.34579
109 18.3486
113 17.6991
127 7.87402
131 7.63359
137 124.088
139 21.5827
149 20.1342
151 13.245
157 6.36943
163 6.13497
167 11.976
173 5.78035
179 11.1732
181 11.0497
191 10.4712
193 10.3627
197 10.1523
199 10.0503
211 9.47867
223 8.96861
227 13.2159
229 8.73362
233 12.8755
239 12.5523
241 12.4481
251 7.96813
257 7.7821
263 7.60456
269 11.1524
271 11.0701
277 10.8303
281 10.6762
283 10.6007
293 10.2389
307 9.77199
311 9.6463
313 9.58466
317 12.6183
331 9.06344
337 8.90208
347 51.8732
349 11.4613
353 14.1643
359 13.9276
367 13.624
373 10.7239
379 10.5541
383 13.0548
389 12.8535
397 12.5945
401 14.9626
409 14.6699
419 14.3198
421 14.2518
431 13.9211
433 13.8568
439 15.9453
443 15.8014
449 15.5902
457 13.1291
461 13.0152
463 15.1188
467 14.9893
479 12.5261
487 10.2669
491 10.1833
499 10.02
503 9.94036
509 11.7878
521 9.59693
523 11.4723
541 11.0906
547 9.14077
557 10.772
563 31.9716
569 10.5448
571 10.5079
577 10.3986
587 10.2215
593 28.6678
599 8.34725
601 8.31947
607 8.23723
613 9.78793
617 8.10373
619 9.69305
631 7.92393
641 9.36037
643 7.77605
647 9.27357
653 7.65697
659 7.58725
661 7.5643
673 8.9153
677 7.38552
683 8.78477
691 8.68307
701 8.5592
709 7.05219
719 22.2531
727 8.25309
733 6.82128
739 6.7659
743 8.07537
751 6.65779
757 7.92602
761 7.88436
769 7.80234
773 7.76197
787 6.35324
797 7.52823
809 7.41656
811 7.39827
821 7.30816
823 7.2904
827 7.25514
829 7.23764
839 8.34327
853 7.034
857 7.00117
859 6.98487
863 8.11124
877 7.98176
881 6.81044
883 7.92752
887 7.89177
907 7.71775
911 6.58617
919 7.61697
929 6.45856
937 7.47065
941 7.43889
947 7.39176
953 7.34523
967 7.23888
971 8.23893
977 7.16479
983 7.12106
991 7.06357
997 7.02106
1009 6.93756
1013 7.89733
1019 7.85083
1021 7.83546
1031 7.75946
1033 7.74443
1039 6.73725
1049 7.62631
1051 6.66032
1061 7.54006
1063 7.52587
1069 7.48363
1087 7.35971
1091 7.33272
1093 7.3193
1097 7.29262
1103 7.25295
1109 8.11542
1117 7.16204
1123 7.12378
1129 7.08592
1151 7.81929
1153 7.80572
1163 7.73861
1171 6.83177
1181 7.62066
1187 7.58214
1193 7.54401
1201 8.3264
1213 9.06843
1217 8.21693
1223 27.8005
1229 8.1367
1231 43.8668
1237 7.27567
1249 7.20576
1259 7.14853
1277 7.04777
1279 7.03675
1283 7.79423
1289 7.75795
1291 6.97134
1297 7.7101
1301 7.6864
1303 7.6746
1307 6.886
1319 7.5815
1321 7.57002
1327 6.78222
1361 7.34754
1367 7.31529
1373 7.28332
1381 7.24113
1399 7.14796
1409 7.09723
1423 7.02741
1427 7.70848
1429 6.9979
1433 7.6762
1439 7.6442
1447 7.60193
1451 7.58098
1453 7.57054
1459 6.85401
1471 7.47791
1481 8.77785
1483 15.5091
1487 7.39744
1489 7.38751
1493 7.36772
1499 7.33823
1511 7.27995
1523 7.22259
1531 7.83801
1543 7.12897
1549 7.10136
1553 7.72698
1559 7.05581
1567 7.01978
1571 7.63845
1579 7.59975
1583 8.21226
1597 8.76644
1601 22.4859
1607 13.6901
1609 7.45805
1613 7.43955
1619 7.41198
1621 7.40284
1627 7.37554
1637 7.33048
1657 7.242
1663 7.21588
1667 7.19856
1669 7.18993
1693 7.08801
1697 7.0713
1699 7.06298
1709 7.60679
1721 6.97269
1723 6.9646
1733 6.92441
1741 7.46697
1747 6.86892
1753 7.41586
1759 7.39056
1777 7.3157
1783 7.29108
1787 7.27476
1789 7.26663
1801 7.21821
1811 7.73054
1823 7.67965
1831 7.09995
1847 7.57986
1861 7.52284
1867 7.49866
1871 7.48263
1873 7.47464
1877 7.45871
1879 7.45077
1889 7.41133
1901 7.36454
1907 7.34137
1913 7.31835
1931 7.25013
1933 7.24263
1949 7.18317
1951 7.17581
1973 7.60264
1979 7.57959
1987 7.54907
1993 7.02459
1997 20.5308
1999 7.0035
2003 7.48877
2011 6.96171
2017 7.43679
2027 7.4001
2029 9.36422
2039 9.31829
2053 9.25475
2063 9.69462
2069 9.18318
2081 9.61076
2083 9.60154
2087 9.58313
2089 9.57396
2099 9.52835
2111 9.94789
2113 23.663
2129 10.8032
2131 11.2623
2137 9.82686
2141 8.40729
2143 7.9328
2153 8.36043
2161 8.32948
2179 8.26067
2203 8.6246
2207 8.60897
2213 8.13375
2221 8.10446
2237 8.04649
2239 8.48593
2243 8.02497
2251 8.44069
2267 8.38112
2269 8.37373
2273 7.91905
2281 8.32968
2287 8.30783
2293 8.28609
2297 8.27166
2309 8.22867
2311 8.22155
2333 8.57265
2339 8.55066
2341 13.6694
2347 7.24329
2351 17.8647
2357 8.48536
2371 8.43526
2377 7.15187
2381 7.55985
2383 7.13386
2389 7.53453
2393 7.10405
2399 7.08629
2411 7.05102
2417 7.44725
2423 7.42881
2437 7.38613
2441 7.37403
2447 8.58194
2459 7.32005
2467 7.29631
2473 7.27861
2477 7.67057
2503 7.59089
2521 7.14002
2531 7.50691
2539 7.08941
2543 7.07825
2549 7.4539
2551 7.44806
2557 7.43058
2579 7.3672
2591 7.33308
2593 7.32742
2609 7.28248
2617 7.26022
2621 7.63068
2633 7.2161
2647 7.55572
2657 7.52729
2659 7.14554
2663 7.51033
2671 7.48783
2677 7.0975
2683 7.45434
2687 7.44325
2689 7.43771
2693 7.42666
2699 7.41015
2707 7.01884
2711 7.37735
2713 7.00332
2719 7.35565
2729 7.32869
2731 7.32332
2741 7.29661
2749 7.27537
2753 7.2648
2767 7.58945
2777 7.20202
2789 7.17103
2791 7.16589
2797 7.50804
2801 7.49732
2803 7.13521
2819 7.09471
2833 7.41264
2837 7.40219
2843 7.38656
2851 7.36584
2857 7.35037
2861 7.34009
2879 7.2942
2887 7.27399
2897 7.24888
2903 7.57837
2909 7.21898
2917 7.542
2927 7.51623
2939 7.48554
2953 7.45005
2957 7.43997
2963 7.42491
2969 7.4099
2971 7.40491
2999 7.33578
3001 7.33089
3011 7.30654
3019 7.28718
3023 7.27754
3037 7.57326
3041 7.5633
3049 7.21548
3061 7.18719
3067 7.17313
3079 7.14518
3083 7.46027
3089 7.44578
3109 7.39788
3119 7.05354
3121 7.36943
3137 7.33185
3163 7.58773
3167 7.26239
3169 7.25781
3181 7.5448
3187 7.21682
3191 7.52115
3203 7.18077
3209 7.47897
3217 7.46037
3221 7.14064
3229 7.43264
3251 7.38234
3253 7.37781
3257 7.36874
3259 7.36422
3271 7.33721
3299 7.57805
3301 7.27052
3307 7.25733
3313 7.54603
3319 7.53239
3323 7.22239
3329 7.20937
3331 7.20504
3343 7.47831
3347 7.1706
3359 7.44269
3361 7.14073
3371 7.11955
3373 7.4118
3389 7.37681
3391 7.37246
3407 7.33783
3413 7.32493
3433 11.3603
3449 11.5976
3457 10.9922
3461 10.6906
3463 7.50794
3467 7.21084
3469 8.07149
3491 7.44772
3499 7.43069
3511 7.4053
3517 7.10833
3527 7.3717
3529 7.08416
3533 7.35918
3539 7.91184
3541 12.1435
3547 10.4314
3557 7.30953
3559 11.2391
3571 7.28087
3581 13.4041
3583 7.25649
3593 8.07125
3607 8.03992
3613 7.74979
3617 8.29417
3623 7.7284
3631 8.26219
3637 7.9736
3643 10.98
3659 7.10577
3671 7.35494
3673 10.618
3677 7.34294
3691 7.31509
3697 7.30322
3701 7.29533
3709 7.27959
3719 7.26002
3727 7.24443
3733 7.50067
3739 8.29099
3761 9.83781
3767 13.0077
3769 7.42903
3779 8.20323
3793 9.75481
3797 7.37424
3803 7.09966
3821 7.32792
3823 7.32409
3833 7.30498
3847 7.2784
3851 7.27084
3853 7.26706
3863 7.24825
3877 7.48001
3881 7.4723
3889 7.19979
3907 7.16662
3911 7.41498
3917 7.40363
3919 7.39985
3923 7.3923
3929 7.38101
3931 7.37726
3943 7.35481
3947 7.34735
3967 7.31031
3989 7.26999
4001 7.24819
4003 7.24457
4007 7.23733
4013 8.22327
4019 7.21573
4021 7.21214
4027 7.44971
4049 7.40924
4051 7.40558
4057 7.14814
4073 7.36558
4079 7.35474
4091 7.33317
4093 7.32959
4099 7.31886
4111 7.54074
4127 7.2692
4129 7.26568
4133 7.50061
4139 7.48973
4153 7.22369
4157 7.4573
4159 7.21327
4177 7.18219
4201 7.14116
4211 7.36167
4217 8.29974
4219 8.2958
4229 8.27619
4231 17.0173
4241 20.0424
4243 8.24888
4253 8.22949
4259 9.86147
4261 8.21403
4271 8.1948
4273 10.2972
4283 9.33925
4289 8.39357
4297 8.37794
4327 8.31985
4337 8.30067
4339 9.21871
4349 11.4969
4357 10.3282
4363 8.4804
4373 8.23234
4391 8.19859
4397 8.1874
4409 8.16512
