2 0
3 0
5 0
7 0
11 0
13 0
17 0
19 0
23 0
29 0
31 32.2581
37 0
41 24.3902
43 0
47 21.2766
53 18.8679
59 0
61 16.3934
67 14.9254
71 14.0845
73 0
79 12.6582
83 12.0482
89 11.236
97 10.3093
101 9.90099
103 9.70874
107 18.6916
109 9.17431
113 8.84956
127 7.87402
131 15.2672
137 7.29927
139 21.5827
149 20.1342
151 19.8675
157 12.7389
163 6.13497
167 5.98802
173 5.78035
179 11.1732
181 11.0497
191 10.4712
193 10.3627
197 10.1523
199 10.0503
211 9.47867
223 8.96861
227 8.81057
229 8.73362
233 12.8755
239 8.3682
241 8.29876
251 11.9522
257 7.7821
263 7.60456
269 11.1524
271 11.0701
277 10.8303
281 10.6762
283 10.6007
293 10.2389
307 9.77199
311 9.6463
313 9.58466
317 9.46372
331 9.06344
337 8.90208
347 8.64553
349 11.4613
353 14.1643
359 13.9276
367 13.624
373 8.0429
379 10.5541
383 13.0548
389 12.8535
397 15.1133
401 14.9626
409 14.6699
419 11.9332
421 11.8765
431 13.9211
433 13.8568
439 13.6674
443 13.544
449 13.363
457 15.3173
461 15.1844
463 15.1188
467 14.9893
479 12.5261
487 10.2669
491 10.1833
499 10.02
503 7.95229
509 9.82318
521 9.59693
523 9.56023
541 11.0906
547 9.14077
557 8.97666
563 10.6572
569 8.78735
571 10.5079
577 10.3986
587 10.2215
593 10.118
599 8.34725
601 8.31947
607 8.23723
613 8.15661
617 8.10373
619 6.46204
631 7.92393
641 7.80031
643 7.77605
647 7.72798
653 9.18836
659 7.58725
661 7.5643
673 8.9153
677 7.38552
683 8.78477
691 8.68307
701 8.5592
709 8.46262
719 8.34492
727 8.25309
733 8.18554
739 8.11908
743 6.72948
751 7.98935
757 6.60502
761 6.5703
769 6.50195
773 6.46831
787 6.35324
797 7.52823
809 7.41656
811 6.16523
821 7.30816
823 7.2904
827 7.25514
829 6.03136
839 7.15137
853 7.034
857 7.00117
859 6.98487
863 6.95249
877 6.84151
881 6.81044
883 6.79502
887 6.76437
907 6.61521
911 6.58617
919 7.61697
929 7.53498
937 6.40342
941 7.43889
947 6.3358
953 7.34523
967 7.23888
971 6.1792
977 7.16479
983 7.12106
991 7.06357
997 7.02106
1009 6.93756
1013 6.91017
1019 6.86948
1021 6.85602
1031 6.78952
1033 7.74443
1039 6.73725
1049 6.67302
1051 7.6118
1061 6.59755
1063 6.58514
1069 6.54818
1087 7.35971
1091 7.33272
1093 7.3193
1097 6.38104
1103 7.25295
1109 7.21371
1117 7.16204
1123 6.2333
1129 7.08592
1151 6.95048
1153 6.93842
1163 6.87876
1171 6.83177
1181 6.77392
1187 6.73968
1193 6.70578
1201 18.3181
1213 9.06843
1217 10.682
1223 17.1709
1229 8.1367
1231 15.4346
1237 7.27567
1249 7.20576
1259 7.14853
1277 7.04777
1279 7.03675
1283 7.01481
1289 6.98216
1291 6.97134
1297 6.93909
1301 6.91776
1303 6.90714
1307 6.886
1319 7.5815
1321 6.81302
1327 6.78222
1361 6.61278
1367 7.31529
1373 6.55499
1381 7.24113
1399 7.14796
1409 7.09723
1423 7.02741
1427 7.00771
1429 6.9979
1433 6.97837
1439 6.94927
1447 6.91085
1451 6.8918
1453 6.88231
1459 6.85401
1471 6.7981
1481 8.10263
1483 8.09171
1487 8.06994
1489 6.71592
1493 7.36772
1499 7.33823
1511 6.61813
1523 7.22259
1531 6.53168
1543 7.12897
1549 6.45578
1553 7.08307
1559 7.05581
1567 7.01978
1571 7.00191
1579 6.96643
1583 7.58054
1597 23.1684
1601 11.243
1607 14.3124
1609 6.83654
1613 6.81959
1619 6.79432
1621 6.78593
1627 7.37554
1637 6.71961
1657 7.242
1663 7.21588
1667 7.19856
1669 7.18993
1693 7.08801
1697 6.48203
1699 6.4744
1709 7.02165
1721 6.97269
1723 6.9646
1733 6.92441
1741 6.89259
1747 6.86892
1753 6.84541
1759 6.82206
1777 6.75295
1783 6.73023
1787 7.27476
1789 7.26663
1801 7.21821
1811 6.62617
1823 7.1311
1831 7.09995
1847 6.49702
1861 6.98549
1867 6.96304
1871 6.94816
1873 6.94074
1877 6.92595
1879 6.91857
1889 6.88195
1901 6.83851
1907 7.34137
1913 6.79561
1931 7.25013
1933 7.24263
1949 6.67009
1951 6.66325
1973 7.09579
1979 6.56897
1987 7.0458
1993 7.02459
1997 8.01202
1999 20.01
2003 6.98952
2011 6.96171
2017 6.941
2027 6.90676
2029 13.7999
2039 8.82786
2053 8.76766
2063 8.72516
2069 9.18318
2081 9.13023
2083 9.12146
2087 9.10398
2089 9.09526
2099 9.05193
2111 9.00047
2113 7.09891
2129 10.3335
2131 11.2623
2137 12.1666
2141 7.94021
2143 7.46617
2153 7.89596
2161 7.86673
2179 7.80174
2203 8.17068
2207 7.70276
2213 8.13375
2221 8.10446
2237 7.59946
2239 7.59268
2243 8.02497
2251 10.6619
2267 10.5867
2269 7.93301
2273 7.91905
2281 7.89128
2287 7.87057
2293 7.84998
2297 7.83631
2309 8.22867
2311 7.78884
2333 8.14402
2339 7.6956
2341 8.11619
2347 8.09544
2351 6.80561
2357 8.06109
2371 10.1223
2377 11.3589
2381 7.13986
2383 6.71423
2389 7.11595
2393 6.68617
2399 7.08629
2411 7.05102
2417 7.03351
2423 7.0161
2437 6.97579
2441 6.96436
2447 6.94728
2459 6.91338
2467 6.89096
2473 6.87424
2477 6.86314
2503 7.19137
2521 6.74336
2531 7.11181
2539 7.08941
2543 7.07825
2549 6.66928
2551 7.05606
2557 7.0395
2579 6.5917
2591 6.94712
2593 6.94177
2609 6.8992
2617 7.26022
2621 6.86761
2633 6.83631
2647 7.17794
2657 7.15092
2659 6.76946
2663 6.75929
2671 7.11344
2677 7.0975
2683 6.70891
2687 6.69892
2689 7.06582
2693 7.05533
2699 7.03964
2707 7.01884
2711 7.00848
2713 6.63472
2719 6.98786
2729 6.96226
2731 6.95716
2741 6.93178
2749 6.9116
2753 6.90156
2767 7.22804
2777 6.84192
2789 6.81248
2791 6.8076
2797 6.79299
2801 7.14031
2803 6.77845
2819 7.09471
2833 7.05965
2837 7.0497
2843 7.03482
2851 7.01508
2857 7.00035
2861 6.99056
2879 6.94686
2887 6.92761
2897 6.90369
2903 6.88942
2909 6.87522
2917 6.85636
2927 7.17458
2939 6.80504
2953 7.11141
2957 6.76361
2963 7.08741
2969 6.73627
2971 7.06833
2999 7.00233
3001 6.99767
3011 6.64231
3019 6.95595
3023 6.94674
3037 6.91472
3041 6.90562
3049 7.21548
3061 6.8605
3067 6.84708
3079 6.8204
3083 7.13591
3089 6.79832
3109 7.07623
3119 7.05354
3121 6.72861
3137 7.01307
3163 6.95542
3167 6.94664
3169 6.94225
3181 6.91606
3187 6.90304
3191 6.89439
3203 6.86856
3209 7.16734
3217 6.83867
3221 6.83018
3229 6.81325
3251 7.07475
3253 7.0704
3257 6.75468
3259 7.05738
3271 7.03149
3299 6.66869
3301 6.96759
3307 6.95494
3313 6.94235
3319 6.9298
3323 6.92146
3329 7.20937
3331 7.20504
3343 6.88005
3347 6.87183
3359 7.14498
3361 6.8432
3371 6.8229
3373 6.81886
3389 7.08174
3391 6.78266
3407 7.04432
3413 7.03194
3433 6.99097
3449 16.8165
3457 10.7029
3461 8.66802
3463 6.93041
3467 6.92241
3469 8.07149
3491 6.87482
3499 6.8591
3511 6.83566
3517 7.10833
3527 6.80465
3529 7.08416
3533 7.07614
3539 6.78158
3541 25.1341
3547 10.9952
3557 7.02839
3559 7.86738
3571 7.00084
3581 7.81905
3583 9.76835
3593 6.95797
3607 7.76268
3613 7.47301
3617 10.7824
3623 7.45239
3631 7.43597
3637 10.4482
3643 7.41147
3659 7.92566
3671 6.81013
3673 7.89545
3677 7.07098
3691 7.04416
3697 7.03273
3701 7.02513
3709 6.74036
3719 6.99113
3727 6.97612
3733 6.96491
3739 10.4306
3761 9.57192
3767 7.69843
3769 6.89838
3779 6.88013
3793 7.90931
3797 7.11088
3803 6.83671
3821 7.06621
3823 6.80094
3833 7.04409
3847 7.01846
3851 6.75149
3853 7.00753
3863 6.98939
3877 6.96415
3881 6.95697
3889 6.94266
3907 6.91067
3911 6.9036
3917 6.89303
3919 7.14468
3923 6.88249
3929 7.1265
3931 7.12287
3943 7.10119
3947 7.094
3967 7.05823
3989 7.0193
4001 6.99825
4003 6.99475
4007 6.98777
4013 6.97732
4019 6.96691
4021 6.96344
4027 6.95307
4049 6.91529
4051 6.91187
4057 6.90165
4073 6.87454
4079 6.86443
4091 6.84429
4093 6.84095
4099 6.83093
4111 7.05424
4127 6.78459
4129 7.02349
4133 7.0167
4139 7.00652
4153 6.9829
4157 6.97618
4159 6.97283
4177 6.94278
4201 6.90312
4211 7.1242
4217 6.87693
4219 7.82176
4229 8.03973
4231 11.1085
4241 7.78118
4243 7.77752
4253 7.99436
4259 10.5659
4261 7.97935
4271 9.83376
4273 10.2972
4283 10.5067
4289 7.6941
4297 7.9125
4327 7.85764
4337 7.83952
4339 7.83591
4349 26.2129
4357 10.7872
4363 7.7928
4373 7.77498
4391 7.74311
4397 7.73254
4409 7.7115
